# object: IRC+10216
# time: Mon Jun  5 21:13:50 2017
# number of values:         1200
# wave      flux          stdev           line
      2.39518      415.664      7.11342           1
      2.40117      427.912      5.92333           1
      2.40719      445.410      2.84021           1
      2.41321      454.559      1.53572           1
      2.41925      460.237      1.85073           1
      2.42531      465.863      1.33923           1
      2.43138      471.136      1.47362           1
      2.43746      475.617      2.19319           1
      2.44357      483.672      4.02803           1
      2.44968      493.901      2.11068           1
      2.45581      502.153      1.58952           1
      2.46196      509.822      1.23810           1
      2.46812      518.745      1.83304           1
      2.47430      530.113      1.21268           1
      2.48049      539.602      1.82081           1
      2.48670      550.126      1.54938           1
      2.49293      557.771      1.71770           1
      2.49917      567.223      1.96868           1
      2.50542      576.834      1.31273           1
      2.51170      584.744      1.63839           1
      2.51798      594.705      1.44776           1
      2.52429      603.688      1.73542           1
      2.53060      613.388      2.12672           1
      2.53694      627.433      3.02386           1
      2.54329      637.974      1.46792           1
      2.54966      644.941      1.70546           1
      2.55604      656.362      2.22597           1
      2.56244      665.591      2.54468           1
      2.56885      671.624      3.05053           1
      2.57528      684.575      3.29791           1
      2.58173      697.016      1.91143           1
      2.58819      706.681      1.27465           1
      2.59467      713.369      1.36181           1
      2.60031      721.364      1.83983           2
      2.60116      719.758      2.77088           1
      2.60682      727.920      2.00442           2
      2.60767      731.320      2.76546           1
      2.61335      737.981      1.78301           2
      2.61989      753.150      2.21281           2
      2.62645      767.366      1.80109           2
      2.63302      779.686      1.76221           2
      2.63961      791.972      1.66154           2
      2.64622      806.030      2.04283           2
      2.65284      819.593      1.79030           2
      2.65948      832.360      2.02535           2
      2.66614      846.964      2.15174           2
      2.67281      863.424      2.17780           2
      2.67950      878.039      1.89159           2
      2.68621      891.905      2.10818           2
      2.69294      908.116      2.02152           2
      2.69968      921.641      1.89458           2
      2.70643      938.596      2.24566           2
      2.71321      955.019      2.22069           2
      2.72000      973.674      2.16230           2
      2.72681      986.492      1.82245           2
      2.73363      998.035      2.15359           2
      2.74048      1012.39      2.11876           2
      2.74734      1026.64      2.17291           2
      2.75421      1047.59      2.15938           2
      2.76111      1063.02      2.28234           2
      2.76802      1079.26      2.02295           2
      2.77495      1094.49      2.04548           2
      2.78189      1110.07      2.67750           2
      2.78886      1129.04      2.44474           2
      2.79584      1145.65      2.06787           2
      2.80284      1160.76      2.28880           2
      2.80985      1177.69      2.44490           2
      2.81689      1195.81      2.58802           2
      2.82394      1214.24      2.61891           2
      2.83100      1237.63      3.02950           2
      2.83809      1254.66      1.86039           2
      2.84520      1271.29      2.57576           2
      2.85232      1293.31      3.05063           2
      2.85946      1314.30      2.56619           2
      2.86661      1332.93      2.34830           2
      2.87379      1350.42      2.99189           2
      2.88098      1372.45      3.11389           2
      2.88820      1393.60      3.23895           2
      2.89542      1414.61      2.26990           2
      2.90267      1429.97      1.86858           2
      2.90994      1444.92      2.27165           2
      2.91722      1462.00      2.16339           2
      2.92452      1478.21      1.94948           2
      2.93184      1489.85      1.48128           2
      2.93918      1502.64      2.05676           2
      2.94654      1513.68     0.938851           2
      2.95392      1519.83      1.28534           2
      2.96131      1523.78     0.959819           2
      2.96872      1523.15      1.03227           2
      2.97615      1514.87      1.73910           2
      2.98360      1507.55      2.37623           2
      2.99107      1498.68      3.66221           2
      2.99856      1487.16      4.46999           2
      3.00606      1480.80      4.98797           2
      3.01325      1463.71      8.12873           3
      3.01359      1478.87      6.63387           2
      3.02079      1479.71      6.27998           3
      3.02113      1480.80      10.0241           2
      3.02835      1517.99      6.98221           3
      3.03593      1552.94      10.2008           3
      3.04353      1594.88      9.52041           3
      3.05115      1626.28      5.58200           3
      3.05879      1639.35      4.33390           3
      3.06645      1647.39      5.69433           3
      3.07412      1659.05      5.27133           3
      3.08182      1696.15      7.87838           3
      3.08953      1726.48      6.73437           3
      3.09726      1760.52      10.0645           3
      3.10502      1818.30      5.11383           3
      3.11279      1850.75      12.1278           3
      3.12058      1916.11      12.2640           3
      3.12839      1973.62      9.30959           3
      3.13622      2034.18      7.11165           3
      3.14407      2079.27      6.56205           3
      3.15194      2127.40      6.13992           3
      3.15983      2165.83      6.50587           3
      3.16774      2212.81      5.26690           3
      3.17567      2247.36      4.90048           3
      3.18362      2285.30      6.18164           3
      3.19159      2328.29      5.54999           3
      3.19958      2362.24      4.48618           3
      3.20759      2385.88      3.42253           3
      3.21562      2421.74      5.96520           3
      3.22367      2459.05      4.87450           3
      3.23174      2492.70      5.67950           3
      3.23982      2531.64      5.33064           3
      3.24793      2568.76      5.72093           3
      3.25606      2609.86      4.54801           3
      3.26421      2635.20      3.86181           3
      3.27239      2666.64      4.86915           3
      3.28058      2697.35      5.76985           3
      3.28879      2741.05      7.42925           3
      3.29702      2782.45      6.05235           3
      3.30527      2814.37      4.63415           3
      3.31355      2852.55      6.60933           3
      3.32184      2887.50      4.96426           3
      3.33016      2927.94      6.09802           3
      3.33849      2961.72      4.51216           3
      3.34685      3000.40      7.47073           3
      3.35523      3050.84      6.98181           3
      3.36363      3088.35      5.18523           3
      3.37204      3127.55      5.74306           3
      3.38049      3156.14      4.59202           3
      3.38895      3186.75      5.57039           3
      3.39743      3246.22      9.35883           3
      3.40593      3289.41      4.62039           3
      3.41446      3313.41      5.00954           3
      3.42301      3352.43      6.27930           3
      3.43157      3393.68      4.95162           3
      3.44016      3427.27      6.04889           3
      3.44878      3463.91      7.17097           3
      3.45741      3505.93      8.90214           3
      3.46606      3544.84      7.99488           3
      3.47474      3585.75      9.94587           3
      3.48344      3630.18      6.97323           3
      3.49216      3667.29      8.12769           3
      3.50090      3712.17      10.4272           3
      3.50966      3748.07      11.2144           3
      3.50988      3851.59      20.2361           4
      3.51845      3772.10      15.4148           3
      3.51867      3830.04      21.9011           4
      3.52725      3804.08      27.0831           3
      3.52747      3871.47      19.5519           4
      3.53630      3930.81      5.95781           4
      3.54516      3974.79      7.47832           4
      3.55403      4007.62      5.60308           4
      3.56293      4034.66      12.6808           4
      3.57184      4094.32      17.7969           4
      3.58079      4164.53      6.80088           4
      3.58975      4204.29      6.78350           4
      3.59873      4249.97      7.69253           4
      3.60774      4305.25      7.45588           4
      3.61677      4348.20      5.87868           4
      3.62583      4393.55      8.36328           4
      3.63490      4443.64      8.20799           4
      3.64400      4495.85      10.5546           4
      3.65312      4558.67      9.17184           4
      3.66227      4601.86      8.05898           4
      3.67143      4646.64      9.54470           4
      3.68062      4701.31      6.77839           4
      3.68984      4744.84      8.16009           4
      3.69907      4786.68      8.47469           4
      3.70833      4851.03      8.01696           4
      3.71761      4891.20      7.99574           4
      3.72692      4949.46      8.75472           4
      3.73625      5009.66      7.94873           4
      3.74560      5039.23      5.38030           4
      3.75498      5082.33      9.00072           4
      3.76438      5134.37      7.90335           4
      3.77380      5177.43      7.46424           4
      3.78325      5247.29      8.66695           4
      3.79272      5322.18      10.7045           4
      3.80221      5386.66      7.11501           4
      3.81173      5422.00      4.75383           4
      3.82127      5468.36      10.0142           4
      3.83083      5538.84      10.1809           4
      3.84042      5604.57      12.5420           4
      3.85003      5687.35      13.6940           4
      3.85967      5750.33      8.77565           4
      3.86933      5794.29      9.94950           4
      3.87902      5854.04      12.1946           4
      3.88873      5906.98      11.7450           4
      3.89846      5961.71      16.3026           4
      3.90822      6019.50      15.0052           4
      3.91800      6064.40      17.0640           4
      3.92781      6137.21      15.8512           4
      3.93764      6194.40      15.1708           4
      3.94750      6242.28      17.4657           4
      3.95738      6315.45      17.3643           4
      3.96729      6398.13      13.7123           4
      3.97722      6454.20      22.2541           4
      3.98717      6566.24      19.0687           4
      3.99715      6647.22      11.2169           4
      4.00716      6711.87      17.4043           4
      4.01719      6766.95      11.8343           4
      4.02724      6819.39      6.36894           4
      4.03732      6838.10      4.51835           4
      4.04743      6847.65      4.74465           4
      4.05756      6858.29      4.61530           4
      4.06772      6869.59      2.90055           4
      4.08023      7461.35      20.1231           5
      4.09044      7495.03      17.4321           5
      4.10068      7552.07      14.3397           5
      4.11095      7642.66      20.7561           5
      4.12124      7781.47      21.8098           5
      4.13155      7870.51      14.3539           5
      4.14189      7920.22      12.8073           5
      4.15226      7981.44      15.5403           5
      4.16265      8048.61      20.2168           5
      4.17307      8174.62      25.3934           5
      4.18352      8298.18      20.2339           5
      4.19399      8376.89      19.5273           5
      4.20449      8434.05      15.2677           5
      4.21501      8478.11      12.8923           5
      4.22557      8514.61      13.7434           5
      4.23614      8582.21      16.1958           5
      4.24675      8675.21      18.1708           5
      4.25738      8754.80      15.6519           5
      4.26803      8788.90      9.47897           5
      4.27872      8816.19      8.81536           5
      4.28943      8863.66      12.0340           5
      4.30016      8953.98      15.7573           5
      4.31093      9047.24      14.2705           5
      4.32172      9142.58      17.2185           5
      4.33254      9202.05      9.41138           5
      4.34338      9248.28      15.1824           5
      4.35425      9309.15      13.3281           5
      4.36515      9385.08      23.9948           5
      4.37608      9518.53      18.1646           5
      4.38703      9618.65      14.4340           5
      4.39801      9674.48      11.4297           5
      4.40902      9734.54      15.6788           5
      4.42006      9774.45      9.94917           5
      4.43112      9819.52      14.2033           5
      4.44221      9907.20      14.9331           5
      4.45333      10018.7      17.4201           5
      4.46448      10078.9      12.9459           5
      4.47566      10108.6      16.0642           5
      4.48686      10136.0      14.3454           5
      4.49809      10221.1      28.1308           5
      4.50935      10330.0      18.8285           5
      4.52064      10389.6      21.8838           5
      4.53195      10452.0      27.9778           5
      4.54330      10507.6      20.3084           5
      4.55467      10522.2      17.3526           5
      4.56607      10551.4      24.0597           5
      4.57750      10641.1      31.9540           5
      4.58896      10750.6      33.8505           5
      4.60045      10789.0      25.3923           5
      4.61196      10794.9      30.4410           5
      4.62351      10879.4      37.1217           5
      4.63508      11004.4      21.3387           5
      4.64668      11045.5      24.4370           5
      4.65831      11116.8      33.6169           5
      4.66997      11157.5      23.5795           5
      4.68166      11215.3      35.9992           5
      4.69338      11326.3      37.6559           5
      4.70513      11395.4      48.7404           5
      4.71691      11439.3      38.7024           5
      4.72871      11438.8      35.9497           5
      4.74055      11465.5      44.7492           5
      4.75242      11590.5      41.5184           5
      4.76431      11760.2      39.2261           5
      4.77624      11893.5      39.1202           5
      4.78819      11963.5      33.8182           5
      4.80018      12001.6      40.0346           5
      4.81219      12085.9      50.7319           5
      4.82424      12209.5      50.5281           5
      4.83632      12238.8      32.4988           5
      4.84842      12240.5      22.3509           5
      4.86056      12250.9      18.1085           5
      4.87272      12254.8      27.5497           5
      4.88492      12350.6      38.8718           5
      4.89715      12440.2      30.8594           5
      4.90941      12490.4      33.7568           5
      4.92170      12512.5      26.7356           5
      4.93402      12534.9      26.2138           5
      4.94637      12650.0      36.4150           5
      4.95875      12787.3      31.6128           5
      4.97116      12822.6      26.2658           5
      4.98360      12796.6      26.9075           5
      4.99608      12830.2      28.8920           5
      5.00858      12954.0      31.3020           5
      5.02112      13126.1      37.9100           5
      5.03369      13178.0      26.8095           5
      5.04629      13148.2      21.6536           5
      5.05892      13174.8      22.8883           5
      5.07158      13233.1      24.6282           5
      5.08428      13299.1      21.6901           5
      5.09701      13338.4      20.0969           5
      5.10976      13337.1      18.7376           5
      5.12255      13345.2      25.2562           5
      5.13538      13451.3      32.5330           5
      5.14823      13540.3      21.8150           5
      5.16112      13511.0      21.9467           5
      5.17404      13482.2      21.2579           5
      5.18699      13579.7      28.0306           5
      5.19997      13692.7      29.2433           5
      5.21299      13738.0      19.2533           5
      5.22604      13738.6      17.3470           5
      5.23912      13769.8      15.5518           5
      5.25223      13920.5      38.2418           5
      5.26538      14151.1      19.4131           5
      5.27856      14251.6      19.9258           5
      5.29177      14512.1      71.2380           5
      5.30131      15889.0      49.5043           6
      5.30502      14907.2      40.5342           5
      5.31458      15925.6      37.3369           6
      5.31830      15023.3      47.1004           5
      5.32788      16027.6      33.9174           6
      5.34122      16115.8      48.9220           6
      5.35458      16175.0      39.1024           6
      5.36799      16191.6      25.7984           6
      5.38142      16209.7      16.6648           6
      5.39490      16210.0      13.9708           6
      5.40840      16278.8      30.2560           6
      5.42194      16400.1      35.0610           6
      5.43551      16499.8      22.0475           6
      5.44911      16618.5      36.0766           6
      5.46275      16760.7      35.3051           6
      5.47643      16835.1      33.8184           6
      5.49014      16842.3      31.2859           6
      5.50388      16863.5      32.7073           6
      5.51766      16952.7      25.6256           6
      5.53147      16972.3      23.9776           6
      5.54531      16969.8      32.1724           6
      5.55919      17064.4      31.6251           6
      5.57311      17184.5      27.1638           6
      5.58706      17398.6      53.4983           6
      5.60105      17573.9      49.5105           6
      5.61507      17567.4      32.8380           6
      5.62912      17515.6      28.7261           6
      5.64321      17516.6      31.6609           6
      5.65734      17583.7      29.8236           6
      5.67150      17645.3      32.2356           6
      5.68569      17745.5      28.8564           6
      5.69993      17812.8      32.8747           6
      5.71419      17832.5      38.1390           6
      5.72850      17915.4      34.2218           6
      5.74284      18031.7      20.5252           6
      5.75721      18121.5      20.0975           6
      5.77162      18140.3      20.1384           6
      5.78607      18161.9      16.6022           6
      5.80055      18127.2      19.4465           6
      5.81507      18020.1      20.3723           6
      5.82963      18022.8      23.3552           6
      5.84422      18178.4      29.0960           6
      5.85885      18346.3      37.6373           6
      5.87351      18686.1      54.6485           6
      5.88822      18827.9      19.0828           6
      5.90296      18903.7      37.5379           6
      5.91773      19006.5      41.7633           6
      5.93254      18925.2      40.9394           6
      5.94739      18890.8      45.1261           6
      5.96228      19034.0      52.0383           6
      5.97721      19187.5      36.6459           6
      5.99217      19398.0      54.7580           6
      6.00717      19559.2      54.8377           6
      6.02220      19517.0      55.9598           6
      6.03728      19399.7      36.3006           6
      6.05239      19409.1      52.2527           6
      6.06754      19552.6      72.9182           6
      6.08273      19744.7      71.1308           6
      6.09795      19773.2      58.7321           6
      6.11322      19735.1      48.2019           6
      6.12852      19893.8      62.1979           6
      6.14386      20026.5      55.0667           6
      6.15924      20155.7      90.3907           6
      6.17466      20258.7      89.9916           6
      6.19011      20271.5      81.0247           6
      6.20561      20198.8      70.0480           6
      6.22114      20080.6      52.4872           6
      6.23671      20219.9      68.0577           6
      6.25232      20413.7      42.5294           6
      6.26797      20439.1      42.5055           6
      6.28366      20460.1      64.0005           6
      6.29939      20394.2      86.1801           6
      6.31516      20317.2      83.2406           6
      6.33097      20395.9      89.7880           6
      6.34682      20514.4      100.598           6
      6.36270      20657.4      106.328           6
      6.37863      20776.7      89.8399           6
      6.39460      20737.3      110.031           6
      6.41060      20727.1      62.8768           6
      6.42665      20674.6      53.0239           6
      6.44274      20639.4      53.6252           6
      6.45886      20683.9      46.9576           6
      6.47503      20750.5      28.7394           6
      6.49124      20810.2      35.6694           6
      6.50749      20831.0      40.7506           6
      6.52378      20839.1      37.8440           6
      6.54011      20941.2      59.2398           6
      6.55648      21198.0      55.7125           6
      6.57289      21177.0      63.6339           6
      6.58934      20876.0      55.3494           6
      6.60583      20786.3      31.3162           6
      6.62237      20913.4      32.9823           6
      6.63895      21089.5      38.2195           6
      6.65556      21188.0      39.3948           6
      6.67222      21207.9      39.9477           6
      6.68893      21180.5      49.1001           6
      6.70567      21106.2      53.4132           6
      6.72245      20891.8      52.5892           6
      6.73928      20733.4      42.8305           6
      6.75615      20725.4      37.3635           6
      6.77306      20875.7      44.3955           6
      6.79002      21046.8      35.4436           6
      6.80701      21230.4      65.8927           6
      6.82405      21404.0      60.3269           6
      6.84113      21361.7      49.7072           6
      6.85826      21276.5      57.9647           6
      6.87542      21307.9      66.6441           6
      6.89263      21520.4      99.1773           6
      6.90989      21779.2      120.993           6
      6.92718      21875.2      107.185           6
      6.94452      21790.5      115.520           6
      6.96191      21366.8      153.906           6
      6.97933      20986.4      172.908           6
      6.99680      21052.9      155.726           6
      7.00162      23060.8      76.5267           7
      7.01432      21295.3      177.944           6
      7.01915      23123.1      61.1285           7
      7.03187      21380.2      210.458           6
      7.03672      23241.4      70.1507           7
      7.04948      21370.2      279.681           6
      7.05433      23242.6      85.3947           7
      7.07199      23287.8      81.3247           7
      7.08969      23349.6      74.9419           7
      7.10744      23306.9      48.3682           7
      7.12523      23365.2      60.0986           7
      7.14307      23369.9      49.9944           7
      7.16095      23230.9      48.6058           7
      7.17887      23144.4      49.7921           7
      7.19684      23129.5      45.5124           7
      7.21486      23198.0      39.7252           7
      7.23291      23145.1      49.6703           7
      7.25102      23112.0      78.9392           7
      7.26917      23116.8      105.646           7
      7.28737      23078.9      77.6621           7
      7.30561      23107.3      69.4873           7
      7.32389      23093.3      121.089           7
      7.34223      23026.1      131.305           7
      7.36061      23191.4      125.250           7
      7.37903      23522.4      131.478           7
      7.39750      23605.7      107.925           7
      7.41602      23543.6      115.748           7
      7.43458      23599.6      115.602           7
      7.45319      23682.1      100.881           7
      7.47185      23714.8      70.1044           7
      7.49055      23811.5      54.2810           7
      7.50930      23958.9      56.9563           7
      7.52810      24048.8      87.7246           7
      7.54694      24208.9      79.4346           7
      7.56583      24253.6      105.917           7
      7.58477      24267.7      91.0262           7
      7.60375      24191.3      85.5636           7
      7.62279      23954.2      66.4135           7
      7.64187      23919.1      70.3455           7
      7.66100      23883.9      88.3761           7
      7.68017      23850.0      88.6807           7
      7.69940      23883.4      96.4424           7
      7.71867      23892.2      73.3153           7
      7.73799      23828.3      63.8262           7
      7.75736      23948.9      68.0183           7
      7.77678      24116.1      63.2970           7
      7.79625      24214.6      70.6082           7
      7.81576      24311.1      77.6824           7
      7.83532      24470.8      86.2749           7
      7.85494      24497.5      95.6265           7
      7.87460      24487.1      143.394           7
      7.89431      24672.7      152.397           7
      7.91407      24929.2      171.886           7
      7.93388      25063.1      148.275           7
      7.95374      24984.0      159.359           7
      7.97365      24925.6      141.967           7
      7.99361      24846.0      174.950           7
      8.01362      24929.0      195.641           7
      8.03368      25168.6      155.483           7
      8.05379      25238.6      91.9775           7
      8.07395      25294.4      99.2650           7
      8.09416      25357.2      100.673           7
      8.11442      25312.0      96.3618           7
      8.13473      25157.3      106.018           7
      8.15509      25104.4      108.017           7
      8.17550      25239.9      92.0899           7
      8.19597      25455.3      76.3226           7
      8.21648      25499.9      111.194           7
      8.23705      25340.3      152.314           7
      8.25767      25288.6      131.893           7
      8.27834      25447.1      143.630           7
      8.29906      25528.4      116.793           7
      8.31983      25641.9      158.628           7
      8.34066      25731.2      130.056           7
      8.36154      25603.1      133.027           7
      8.38247      25445.4      122.117           7
      8.40345      25510.5      174.153           7
      8.42448      25646.4      125.620           7
      8.44557      25703.7      111.806           7
      8.46671      25714.7      64.3697           7
      8.48791      25666.3      58.0565           7
      8.50915      25642.1      58.9540           7
      8.53045      25613.1      61.5966           7
      8.55180      25619.0      52.1951           7
      8.57321      25732.7      56.1210           7
      8.59467      25711.4      65.0726           7
      8.61618      25613.2      53.4346           7
      8.63775      25637.7      60.5160           7
      8.65937      25752.5      47.1006           7
      8.68105      25834.8      38.3792           7
      8.70278      25902.2      50.8906           7
      8.72456      25967.4      40.7161           7
      8.74640      25825.1      94.7973           7
      8.76829      25711.1      64.1021           7
      8.79024      25715.7      59.9723           7
      8.81225      25907.3      66.1742           7
      8.83430      25990.8      48.8448           7
      8.85642      25971.3      59.3415           7
      8.87859      25884.1      87.5356           7
      8.90081      25954.4      108.132           7
      8.92309      26246.7      118.355           7
      8.94543      26340.3      119.619           7
      8.96782      26404.3      133.102           7
      8.99026      26539.6      164.144           7
      9.01277      26614.4      184.149           7
      9.03533      26565.6      206.686           7
      9.05795      26597.9      236.633           7
      9.08062      26743.9      212.870           7
      9.10335      26993.9      204.509           7
      9.12613      27136.0      230.178           7
      9.14898      27229.8      189.616           7
      9.17188      27417.5      151.785           7
      9.19484      27515.2      159.229           7
      9.21785      27625.3      144.728           7
      9.24093      27498.2      146.510           7
      9.26406      27446.2      120.116           7
      9.28725      27535.4      101.050           7
      9.31050      27550.1      105.254           7
      9.33380      27490.8      95.0939           7
      9.35716      27336.2      91.8850           7
      9.38059      27141.2      99.2414           7
      9.40407      26998.6      71.0084           7
      9.42761      26999.8      57.1168           7
      9.45121      26953.5      64.1751           7
      9.47486      26791.4      63.0291           7
      9.49858      26619.9      80.4365           7
      9.52236      26390.0      76.2569           7
      9.54619      26211.4      63.3952           7
      9.57009      26161.8      76.2487           7
      9.59404      26187.9      120.294           7
      9.61806      26195.5      89.5161           7
      9.64213      26225.8      54.7863           7
      9.66627      26179.4      61.6657           7
      9.69046      26175.6      71.6738           7
      9.71472      26176.2      73.2661           7
      9.73904      26158.4      83.3247           7
      9.76342      26149.8      84.1635           7
      9.78786      26215.0      81.3332           7
      9.81236      26252.2      81.6012           7
      9.83692      26149.3      94.1977           7
      9.86154      26067.2      112.110           7
      9.88622      26205.9      109.604           7
      9.91097      26329.3      112.724           7
      9.93578      26293.2      125.293           7
      9.96065      26141.4      143.211           7
      9.98558      26116.7      100.258           7
      10.0106      26297.9      110.535           7
      10.0356      26531.4      123.428           7
      10.0608      26632.1      99.4417           7
      10.0859      26480.7      89.7576           7
      10.1112      26410.5      91.5604           7
      10.1365      26402.4      82.4721           7
      10.1619      26452.4      70.7374           7
      10.1873      26570.3      87.7031           7
      10.2128      26687.9      64.1030           7
      10.2384      26825.2      42.1501           7
      10.2640      26974.0      45.4232           7
      10.2897      27118.8      39.1465           7
      10.3154      27293.7      36.4302           7
      10.3413      27397.2      33.5077           7
      10.3672      27578.8      40.7520           7
      10.3931      27803.3      33.2657           7
      10.4191      27966.7      33.4125           7
      10.4452      28005.8      32.9919           7
      10.4713      28186.9      75.6144           7
      10.4976      28516.5      69.1006           7
      10.5238      28748.3      55.4375           7
      10.5502      28911.1      60.1656           7
      10.5766      28933.1      52.3483           7
      10.6031      29040.2      56.2463           7
      10.6296      29200.2      53.0438           7
      10.6562      29341.2      47.8554           7
      10.6829      29391.1      30.5055           7
      10.7096      29433.5      39.3685           7
      10.7364      29574.6      51.1135           7
      10.7633      29714.2      46.7211           7
      10.7902      29839.4      49.7580           7
      10.8173      29988.0      49.2137           7
      10.8443      30061.6      81.4123           7
      10.8715      30163.4      92.9574           7
      10.8987      30238.4      94.3837           7
      10.9260      30230.0      99.8779           7
      10.9533      29995.5      111.388           7
      10.9807      29768.1      113.244           7
      11.0082      29769.6      105.779           7
      11.0358      29519.8      158.545           7
      11.0634      28724.8      157.091           7
      11.0911      28755.7      156.305           7
      11.1189      29166.7      136.257           7
      11.1467      29946.4      161.897           7
      11.1746      30329.3      130.385           7
      11.2026      30583.4      114.183           7
      11.2306      30824.7      116.400           7
      11.2587      30949.7      122.254           7
      11.2869      30970.1      111.755           7
      11.3151      30939.1      127.053           7
      11.3435      31042.0      110.244           7
      11.3719      31100.2      118.894           7
      11.4003      31006.0      117.342           7
      11.4289      30885.5      117.362           7
      11.4575      30928.1      117.495           7
      11.4862      31047.2      127.002           7
      11.5149      31110.7      141.159           7
      11.5437      31055.3      140.392           7
      11.5726      30928.2      122.302           7
      11.6016      30989.2      158.074           7
      11.6306      31134.9      128.248           7
      11.6597      31091.2      149.904           7
      11.6889      31093.7      173.131           7
      11.7182      31112.0      150.217           7
      11.7475      31047.0      135.335           7
      11.7769      31084.8      128.152           7
      11.8064      31195.1      131.726           7
      11.8360      31249.9      124.084           7
      11.8656      31339.0      109.215           7
      11.8953      31482.3      112.828           7
      11.9251      31591.3      109.645           7
      11.9549      31724.2      112.817           7
      11.9602      32433.8      642.373           9
      11.9848      32000.4      135.847           7
      11.9901      32914.3      710.322           9
      12.0148      32359.2      150.999           7
      12.0201      33044.4      735.198           9
      12.0449      32784.5      313.172           7
      12.0502      31323.6      947.753           9
      12.0804      30370.8      955.436           9
      12.1106      30858.7      771.015           9
      12.1409      29856.9      1749.48           9
      12.1713      29046.5      1459.92           9
      12.2018      30519.3      981.947           9
      12.2323      31779.4      1121.06           9
      12.2629      31004.8      1291.56           9
      12.2936      29554.5      1321.22           9
      12.3244      28649.9      571.485           9
      12.3553      28167.6      428.303           9
      12.3862      28218.9      465.192           9
      12.4172      28300.7      734.563           9
      12.4483      27672.8      503.952           9
      12.4794      27150.5      473.712           9
      12.5107      26789.7      384.107           9
      12.5420      26358.8      325.398           9
      12.5734      26077.6      424.900           9
      12.6049      25881.8      370.196           9
      12.6364      25241.8      328.960           9
      12.6680      25146.1      289.078           9
      12.6997      25336.2      221.639           9
      12.7315      25367.1      259.136           9
      12.7634      25097.9      242.520           9
      12.7954      24728.7      324.404           9
      12.8274      24693.2      577.883           9
      12.8595      24612.8      575.053           9
      12.8917      24461.2      482.144           9
      12.9240      24811.7      625.250           9
      12.9563      25125.0      496.447           9
      12.9887      24607.2      515.672           9
      13.0212      23993.8      357.476           9
      13.0538      24116.2      272.639           9
      13.0865      23784.3      355.908           9
      13.1193      23451.3      340.350           9
      13.1521      23555.5      329.060           9
      13.1850      23505.7      396.579           9
      13.2180      23375.3      339.049           9
      13.2511      23392.7      216.722           9
      13.2843      23426.1      347.102           9
      13.3175      23754.1      335.767           9
      13.3509      23856.7      304.726           9
      13.3843      23855.2      375.435           9
      13.4178      23825.1      252.874           9
      13.4514      23584.8      172.429           9
      13.4851      23562.4      213.268           9
      13.5188      23496.5      208.221           9
      13.5527      22912.6      388.352           9
      13.5866      21952.4      344.290           9
      13.6206      20457.9      291.080           9
      13.6547      19502.3      214.035           9
      13.6889      18850.8      220.987           9
      13.7231      19965.5      457.942           9
      13.7575      21871.6      229.196           9
      13.7919      22377.3      133.961           9
      13.8264      22288.8      202.311           9
      13.8610      22090.2      210.560           9
      13.8957      21989.1      176.858           9
      13.9305      22246.6      204.062           9
      13.9654      22254.4      162.072           9
      14.0003      22213.7      141.988           9
      14.0354      22389.8      141.755           9
      14.0705      22416.9      231.433           9
      14.1057      22283.3      193.721           9
      14.1411      22308.5      131.762           9
      14.1765      22259.6      141.124           9
      14.2119      22324.0      185.311           9
      14.2475      22157.0      285.961           9
      14.2832      22021.3      279.577           9
      14.3189      22287.3      303.878           9
      14.3548      22099.5      178.397           9
      14.3907      22340.4      210.425           9
      14.4267      22462.3      266.337           9
      14.4628      22341.0      193.560           9
      14.4990      21979.3      277.199           9
      14.5353      21783.0      274.688           9
      14.5717      22142.4      205.311           9
      14.6082      22019.1      247.899           9
      14.6448      21964.2      212.627           9
      14.6814      21881.7      147.136           9
      14.7182      21867.9      204.198           9
      14.7550      21757.5      268.043           9
      14.7919      21510.2      166.492           9
      14.8290      21861.6      155.839           9
      14.8661      21848.0      200.278           9
      14.9033      21844.7      149.522           9
      14.9406      21765.8      126.148           9
      14.9780      21790.9      150.948           9
      15.0155      21990.9      78.6272           9
      15.0531      21894.3      122.086           9
      15.0908      21882.8      142.019           9
      15.1285      21795.9      138.071           9
      15.1664      21665.0      109.812           9
      15.2044      21555.1      71.3366           9
      15.2424      21533.7      84.6922           9
      15.2806      21441.3      68.0178           9
      15.3188      21326.3      97.3995           9
      15.3572      21230.4      101.209           9
      15.3956      21083.4      77.1108           9
      15.4341      21080.9      80.7846           9
      15.4728      21011.5      120.153           9
      15.5115      21073.0      96.8256           9
      15.5503      21092.0      65.2500           9
      15.5893      20975.4      65.7709           9
      15.6283      20884.7      76.8290           9
      15.6674      20929.0      74.2677           9
      15.7066      21022.4      100.170           9
      15.7459      21119.3      128.424           9
      15.7854      21166.4      117.574           9
      15.8249      20894.1      83.2220           9
      15.8645      21044.0      164.424           9
      15.9042      20867.0      191.589           9
      15.9440      20664.3      114.969           9
      15.9839      20624.3      109.962           9
      16.0239      20816.6      88.8424           9
      16.0640      20660.4      139.653           9
      16.1042      20316.3      146.079           9
      16.1445      20181.9      89.4489           9
      16.1850      20212.9      73.8784           9
      16.2255      20120.9      84.2326           9
      16.2661      20046.0      81.6627           9
      16.3068      19919.4      86.2182           9
      16.3476      19790.2      74.7258           9
      16.3885      19734.6      93.2043           9
      16.4296      19690.4      84.6573           9
      16.4637      19397.8      121.167          10
      16.4707      19611.9      78.4018           9
      16.5049      19451.7      95.8964          10
      16.5119      19382.4      84.9003           9
      16.5463      19166.8      150.444          10
      16.5532      19378.8      147.290           9
      16.5877      18940.8      133.437          10
      16.6292      18925.2      137.588          10
      16.6708      18879.3      129.032          10
      16.7125      19193.7      134.259          10
      16.7544      19274.0      128.498          10
      16.7963      19040.2      134.952          10
      16.8384      18700.2      83.3015          10
      16.8805      18729.6      52.1274          10
      16.9228      18995.0      97.0152          10
      16.9651      18948.5      113.241          10
      17.0076      18794.5      82.3954          10
      17.0502      18693.5      92.8603          10
      17.0928      18409.7      106.478          10
      17.1356      18152.5      86.0882          10
      17.1785      18144.9      51.5817          10
      17.2215      18151.1      56.7031          10
      17.2646      17904.9      45.4211          10
      17.3078      17789.2      37.6612          10
      17.3512      18046.2      69.4557          10
      17.3946      18175.3      48.5309          10
      17.4381      17919.2      68.2567          10
      17.4818      17563.0      59.8749          10
      17.5255      17631.9      76.4156          10
      17.5694      18009.4      55.6008          10
      17.6134      17976.3      36.1305          10
      17.6575      17861.6      20.9377          10
      17.7017      17851.0      23.8182          10
      17.7460      17841.5      23.0747          10
      17.7904      17938.7      48.0336          10
      17.8349      17971.7      56.9677          10
      17.8796      17942.8      57.7214          10
      17.9243      17875.8      48.7266          10
      17.9692      17878.1      46.9210          10
      18.0142      17901.0      49.0645          10
      18.0593      17734.9      51.3086          10
      18.1045      17560.8      42.2767          10
      18.1498      17516.5      63.7423          10
      18.1952      17607.5      61.9837          10
      18.2408      17551.4      53.8104          10
      18.2864      17473.9      45.8708          10
      18.3322      17398.0      55.6331          10
      18.3781      17443.6      72.9829          10
      18.4241      17477.5      97.4512          10
      18.4702      17342.3      67.3453          10
      18.5165      17196.0      92.7983          10
      18.5628      17137.3      80.4426          10
      18.6093      17233.6      76.1971          10
      18.6559      17126.5      76.1186          10
      18.7025      17072.5      63.0893          10
      18.7494      16955.6      71.0560          10
      18.7963      16905.1      51.2777          10
      18.8433      16824.1      54.3660          10
      18.8905      16787.4      48.4251          10
      18.9378      16921.3      56.0066          10
      18.9852      16889.8      61.8886          10
      19.0327      16659.0      36.2001          10
      19.0804      16583.6      43.7165          10
      19.1281      16665.8      60.8719          10
      19.1760      16653.8      70.5498          10
      19.2240      16503.9      38.0732          10
      19.2721      16468.0      29.4209          10
      19.3204      16413.2      44.0444          10
      19.3687      16379.6      58.0762          10
      19.4172      16054.4      77.7137          10
      19.4658      15987.1      52.3992          10
      19.5059      16689.9      78.7672          11
      19.5145      16042.4      36.3300          10
      19.5547      16592.5      49.1915          11
      19.5634      15991.8      32.0582          10
      19.6037      16594.1      59.8779          11
      19.6528      16448.1      60.3722          11
      19.7020      16279.4      41.1860          11
      19.7513      16124.8      54.6340          11
      19.8007      15937.5      45.7407          11
      19.8503      15983.4      53.1722          11
      19.9000      16310.3      51.8571          11
      19.9498      16563.6      56.7368          11
      19.9997      16648.1      50.7788          11
      20.0498      16477.4      60.5893          11
      20.1000      16349.3      36.0689          11
      20.1503      16247.1      45.6474          11
      20.2007      16102.9      37.7336          11
      20.2513      16077.5      31.2473          11
      20.3020      16105.4      32.6304          11
      20.3528      16146.2      26.4269          11
      20.4037      16073.4      24.4939          11
      20.4548      15969.8      50.0942          11
      20.5060      15851.0      46.2747          11
      20.5573      15730.1      60.1810          11
      20.6088      15603.2      30.2692          11
      20.6604      15650.8      25.4009          11
      20.7121      15682.7      33.9787          11
      20.7639      15750.1      53.1127          11
      20.8159      15721.1      58.2704          11
      20.8680      15744.9      80.5248          11
      20.9203      15885.8      102.359          11
      20.9726      15688.6      74.2094          11
      21.0251      15563.2      34.7269          11
      21.0777      15369.6      61.8402          11
      21.1305      15314.7      69.3938          11
      21.1834      15462.0      67.8981          11
      21.2364      15479.8      60.2272          11
      21.2896      15596.3      73.0879          11
      21.3429      15529.2      88.3895          11
      21.3963      15341.3      94.5250          11
      21.4499      15415.7      87.5356          11
      21.5035      15223.0      88.6471          11
      21.5574      15188.1      78.6412          11
      21.6113      15352.7      66.5225          11
      21.6654      15390.5      66.2002          11
      21.7197      15629.1      76.0101          11
      21.7740      15588.6      67.8700          11
      21.8285      15456.0      49.6197          11
      21.8832      15531.5      61.0663          11
      21.9379      15328.4      81.5502          11
      21.9929      15235.5      62.5494          11
      22.0479      15360.8      68.2065          11
      22.1031      15155.3      63.6121          11
      22.1584      15269.8      80.1771          11
      22.2139      15312.5      63.7489          11
      22.2695      15178.3      55.2449          11
      22.3252      15222.6      61.1590          11
      22.3811      15064.1      83.9764          11
      22.4371      14911.1      61.8445          11
      22.4933      15147.9      71.4629          11
      22.5496      15079.8      50.8658          11
      22.6061      15055.4      38.5182          11
      22.6626      15041.3      37.3814          11
      22.7194      14932.8      31.1831          11
      22.7762      14976.2      34.6030          11
      22.8333      15006.1      39.8785          11
      22.8904      14992.6      45.0557          11
      22.9477      15189.6      42.0697          11
      23.0051      15164.8      44.6310          11
      23.0627      14994.0      28.0556          11
      23.1205      14980.6      21.2948          11
      23.1783      14932.9      37.3937          11
      23.2364      14954.0      44.9660          11
      23.2945      15162.3      27.1885          11
      23.3528      15233.6      14.5601          11
      23.4113      15329.9      27.9670          11
      23.4699      15384.2      37.1139          11
      23.5286      15238.5      54.0723          11
      23.5875      15131.6      26.8336          11
      23.6466      15167.7      21.8718          11
      23.7058      15163.8      44.3856          11
      23.7651      15297.8      60.7085          11
      23.8246      15502.6      29.9612          11
      23.8842      15447.8      26.9986          11
      23.9440      15457.1      28.9607          11
      24.0039      15506.1      31.4986          11
      24.0640      15530.0      39.8010          11
      24.1243      15902.1      94.0933          11
      24.1846      16219.6      59.8710          11
      24.2452      16120.7      40.0668          11
      24.3059      16205.6      55.8687          11
      24.3667      16401.5      45.3621          11
      24.4277      16475.0      22.8054          11
      24.4889      16579.5      38.3252          11
      24.5501      16636.0      52.1438          11
      24.6116      16541.2      52.9095          11
      24.6732      16647.6      74.9068          11
      24.7350      17057.8      47.8142          11
      24.7969      17166.0      46.3245          11
      24.8590      17140.3      55.0364          11
      24.9212      17023.2      31.7283          11
      24.9836      16987.0      30.4228          11
      25.0461      17213.7      61.1786          11
      25.1088      17507.3      51.5018          11
      25.1716      17549.3      36.4209          11
      25.2346      17557.8      33.3249          11
      25.2978      17686.4      26.0625          11
      25.3611      17657.4      18.2998          11
      25.4246      17669.4      29.9089          11
      25.4883      17902.9      53.5627          11
      25.5521      18019.0      27.2449          11
      25.6160      17984.1      21.5728          11
      25.6801      18092.5      50.2403          11
      25.7444      18049.5      73.7703          11
      25.8089      17809.5      70.4736          11
      25.8735      18058.2      71.9127          11
      25.9382      18243.8      29.1503          11
      26.0032      18107.6      44.0178          11
      26.0682      18033.4      28.3398          11
      26.1335      18033.8      34.4901          11
      26.1989      17901.0      44.6216          11
      26.2645      17794.8      39.0748          11
      26.3302      17922.7      30.5430          11
      26.3961      17829.5      29.4520          11
      26.4622      17758.6      15.8580          11
      26.5285      17732.0      26.0893          11
      26.5949      17443.1      58.3649          11
      26.6614      17307.6      40.6087          11
      26.7282      17616.6      95.1109          11
      26.7951      17868.1      53.7193          11
      26.8621      17665.4      32.7658          11
      26.9294      17522.3      28.9551          11
      26.9968      17452.9      20.6286          11
      27.0644      17412.2      19.9986          11
      27.1321      17485.4      42.2429          11
      27.2000      17745.4      91.3133          11
      27.2681      18000.6      38.8337          11
      27.3364      17752.4      57.2065          11
      27.4048      17901.0      96.0031          11
      27.4734      18441.1      105.825          11
      27.5035      17453.2      32.7427          12
      27.5422      18843.5      103.093          11
      27.5723      17580.7      47.0301          12
      27.6413      17665.2      28.7905          12
      27.7105      17531.5      31.0321          12
      27.7799      17453.8      16.6720          12
      27.8494      17467.9      16.1727          12
      27.9191      17359.6      27.7550          12
      27.9890      17274.7      16.4621          12
      28.0591      17351.7      28.4045          12
      28.1293      17371.8      31.5601          12
      28.1997      17239.5      22.4854          12
      28.2703      17189.2      14.7029          12
      28.3411      17195.3      24.2616          12
      28.4120      17051.3      28.1622          12
      28.4831      16995.3      14.8045          12
      28.5544      17058.3      19.3014          12
      28.6259      16970.0      34.1546          12
      28.6975      16823.1      28.4814          12
      28.7694      16851.8      29.2711          12
      28.8414      16914.7      15.5764          12
      28.9136      16858.9      21.1368          12
      28.9860      16800.5      8.72635          12
      29.0014      13910.3      24.8653          13
      29.0740      13964.1      21.6260          13
      29.1468      14026.2      15.5997          13
      29.2197      14129.2      17.0326          13
      29.2929      14198.8      17.9305          13
      29.3662      14251.1      17.5048          13
      29.4397      14331.7      29.4063          13
      29.5134      14546.2      39.4213          13
      29.5873      14681.0      8.80281          13
      29.6613      14696.7      8.39085          13
      29.7356      14732.9      14.1762          13
      29.8100      14795.7      12.8151          13
      29.8846      14871.3      18.1880          13
      29.9594      14986.2      13.2204          13
      30.0344      15050.2      14.7389          13
      30.1096      15106.6      15.7443          13
      30.1850      15110.8      14.3313          13
      30.2605      15048.1      10.5067          13
      30.3363      15023.8      9.77130          13
      30.4122      15058.0      10.3227          13
      30.4883      15027.3      17.4034          13
      30.5647      14915.2      21.4829          13
      30.6412      14806.9      14.0005          13
      30.7179      14710.0      13.9716          13
      30.7948      14612.0      17.4788          13
      30.8718      14552.9      13.8804          13
      30.9491      14499.8      10.0710          13
      31.0266      14447.9      6.13436          13
      31.1043      14409.5      8.32056          13
      31.1821      14329.0      18.5251          13
      31.2602      14186.5      15.6753          13
      31.3384      14096.1      9.50930          13
      31.4169      14052.4      5.94610          13
      31.4955      14034.9      6.91690          13
      31.5743      13957.9      15.6079          13
      31.6534      13901.6      7.92441          13
      31.7326      13862.2      13.2524          13
      31.8120      13796.4      5.50139          13
      31.8917      13761.2      5.53570          13
      31.9715      13731.3      7.81587          13
      32.0515      13678.1      10.7894          13
      32.1318      13602.6      10.3970          13
      32.2122      13545.0      10.5689          13
      32.2928      13498.2      4.55620          13
      32.3736      13472.3      6.99902          13
      32.4547      13372.3      24.8837          13
      32.5359      13272.5      18.1848          13
      32.6174      13244.1      6.92965          13
      32.6990      13209.5      13.9130          13
      32.7809      13145.7      9.08612          13
      32.8629      13163.2      11.1577          13
      32.9452      13175.7      12.3570          13
      33.0276      13089.7      24.1624          13
      33.1103      12912.7      22.6212          13
      33.1932      12789.0      17.9492          13
      33.2763      12660.9      23.2165          13
      33.3596      12519.9      13.9968          13
      33.4431      12399.6      43.5897          13
      33.5268      12283.2      37.1715          13
      33.6107      12153.9      27.0846          13
      33.6948      12042.6      24.8194          13
      33.7792      11980.2      25.0738          13
      33.8637      11900.5      23.2938          13
      33.9485      11851.0      20.6099          13
      34.0335      11824.0      15.0118          13
      34.1187      11775.0      13.1708          13
      34.2041      11688.7      18.6657          13
      34.2897      11547.9      22.2406          13
      34.3755      11480.2      11.4123          13
      34.4616      11454.2      8.55771          13
      34.5478      11389.8      17.2856          13
      34.6343      11234.8      20.3946          13
      34.7210      11167.3      13.9277          13
      34.8079      11131.7      11.3548          13
      34.8950      11065.3      19.3109          13
      34.9824      11009.6      19.5441          13
      35.0700      10956.0      11.7380          13
      35.1577      10885.3      13.3172          13
      35.2457      10838.2      12.0078          13
      35.3340      10801.4      13.3359          13
      35.4224      10746.4      14.1636          13
      35.5111      10687.6      10.5071          13
      35.6000      10589.2      12.1865          13
      35.6891      10524.2      8.32591          13
      35.7784      10472.7      10.7163          13
      35.8680      10377.4      11.8187          13
      35.9578      10290.6      13.9013          13
      36.0478      10234.6      10.3795          13
      36.1380      10160.2      10.6712          13
      36.2285      10097.7      9.36131          13
      36.3191      10043.7      14.3074          13
      36.4100      9948.98      13.2159          13
      36.5012      9871.01      12.2722          13
      36.5926      9809.20      9.18334          13
      36.6842      9754.04      6.98579          13
      36.7760      9724.66      9.41608          13
      36.8680      9711.81      11.5588          13
      36.9603      9700.65      10.1833          13
      37.0528      9679.76      10.6973          13
      37.1456      9618.40      15.1417          13
      37.2386      9518.50      15.3054          13
      37.3318      9473.89      12.6762          13
      37.4252      9458.08      7.17673          13
      37.5189      9423.95      8.65331          13
      37.6128      9371.11      9.90666          13
      37.7070      9316.69      8.20767          13
      37.8013      9269.79      8.60264          13
      37.8960      9227.22      7.20914          13
      37.9908      9187.88      6.95278          13
      38.0859      9112.94      13.3234          13
      38.1813      9049.48      6.64065          13
      38.2768      9037.75      5.46854          13
      38.3726      9018.14      11.7398          13
      38.4687      8895.79      10.6567          13
      38.5650      8855.90      6.53810          13
      38.6615      8826.83      7.22483          13
      38.7583      8728.87      21.6172          13
      38.8553      8614.72      9.53686          13
      38.9526      8582.47      3.74687          13
      39.0501      8575.21      5.13567          13
      39.1478      8558.66      7.89601          13
      39.2458      8520.28      4.22386          13
      39.3441      8491.23      7.71529          13
      39.4425      8371.35      25.9050          13
      39.5413      8272.05      12.1420          13
      39.6402      8242.78      3.99866          13
      39.7395      8250.70      8.20967          13
      39.8389      8213.92      16.4800          13
      39.9387      8142.35      15.9790          13
      40.0386      8060.12      10.3426          13
      40.1389      8002.87      7.53707          13
      40.2393      7955.96      10.0138          13
      40.3400      7889.61      10.6002          13
      40.4410      7826.40      8.92901          13
      40.5423      7788.28      5.46501          13
      40.6437      7733.40      8.68436          13
      40.7455      7670.67      12.1513          13
      40.8475      7601.56      11.8071          13
      40.9497      7517.25      9.90239          13
      41.0522      7458.93      8.60682          13
      41.1550      7419.06      5.57649          13
      41.2580      7365.69      8.50257          13
      41.3613      7309.71      7.83984          13
      41.4648      7259.67      5.80212          13
      41.5686      7232.98      3.90331          13
      41.6726      7196.39      10.2864          13
      41.7770      7130.98      9.63575          13
      41.8815      7081.76      6.90470          13
      41.9864      7028.12      8.19736          13
      42.0915      6960.93      10.5713          13
      42.1968      6919.07      3.59322          13
      42.3024      6897.46      5.36382          13
      42.4083      6846.38      11.4552          13
      42.5145      6760.69      9.10113          13
      42.6209      6713.41      5.06016          13
      42.7276      6684.61      5.09750          13
      42.8345      6648.93      8.20757          13
      42.9418      6585.43      8.03904          13
      43.0493      6585.82      3.79119          13
      43.1570      6571.58      6.02549          13
      43.2650      6523.99      12.2355          13
      43.3733      6444.16      8.33292          13
      43.4819      6388.78      8.34500          13
      43.5907      6345.17      4.63428          13
      43.6999      6332.00      3.10527          13
      43.8092      6310.34      7.18130          13
      43.9189      6246.07      9.28507          13
      44.0288      6219.33      5.41897          13
      44.1390      6215.98      3.70233          13
      44.2495      6217.90      4.39670          13
      44.3603      6172.22      11.6901          13
      44.4713      6111.73      9.68109          13
      44.5827      6081.57      6.95217          13
      44.6942      6036.84      9.08787          13
      44.8061      5962.42      14.6932          13
      44.9183      5892.25      9.54111          13
      45.0307      5906.38      10.4167          13
      45.1434      5924.79      4.53704          13
